1017
1018
1019
1020
1075
1076
1254
1255
1266
1267
1286
1289
1293
1294
1314
1315
1333
1334
1335
1336
1362
1363
1689
1690
1714
1716
1719
1720
1729
1730
1749
1750
1752
1753
1803
1804
1805
1806
1829
1830
1847
1848
2021
2022
2031
2032
2033
2034
2035
2036
2037
2038
2213
2214
2280
2281
2574
46494
8107
8108
8123
8124
8137
8138
8139
8140
8168
8170
8176
8177
8207
8212
8213
8214
8241
8242
8244
8245
8284
8285
8308
8309
8319
8320
8321
8322
8323
8324
8326
8328
8329
8330
8358
8363
8366
8367
8368
8369
8373
8374
8390
8391
8401
8402
8403
8411
8413
8414
8430
8431
8447
8448
8465
8466
8475
8478
8507
8509
8515
8516
8517
8518
8521
8541
8542
8543
8544
8572
8573
8575
8589
8600
8649
8853
8854
8947
8948
