1	228870823	228882416	RHOU
2	25600066	25896516	DTNB
2	111490149	111875799	ACOXL
2	111878490	111926022	BCL2L11
2	174771186	174830430	SP3
2	201980876	202037411	CFLAR
2	202047620	202086383	CASP10
2	231090444	231177930	SP140
2	242166681	242212246	HDLBP
2	242198934	242201083	DKFZp686L08115
2	242254722	242293441	SEPT2
2	242295663	242434256	FARP2
3	27757439	27764206	EOMES
3	41288089	42003660	ULK4
3	169484710	169487683	ACTRT3
3	169492052	169507504	MYNN
3	169511215	169530574	LRRC34
3	187930720	188608460	LPP
4	102711763	102995969	BANK1
4	108968700	109090112	LEF1
5	95220801	95297775	ELL2
5	122680578	122759286	CEP120
5	131993864	131996801	IL13
6	391738	411443	IRF4
6	2948392	2971543	SERPINB6
6	15246205	15522273	JARID2
6	31078999	31080332	C6orf15
6	31082607	31107869	PSORS1C1
6	31082864	31088252	CDSN
6	31105310	31107127	PSORS1C2
6	31110215	31125566	CCHCR1
6	31126302	31131992	TCF19
6	31132113	31138451	POU5F1
6	31133727	31133824	POU5F1
6	31137992	31138276	POU5F1
6	31236525	31239913	HLA-C
6	31371370	31383090	MICA
6	31465854	31478901	MICB
6	31496738	31498008	MCCD1
6	31497995	31510252	DDX39B
6	31512227	31514625	ATP6V1G2
6	31515352	31526606	NFKBIL1
6	31539875	31542100	LTA
6	31543343	31546112	TNF
6	31544291	31546112	TNF
6	32162619	32191844	NOTCH4
6	32260474	32339656	C6orf10
6	32362512	32374900	BTNL2
6	32485153	32498006	HLA-DRB5
6	32546122	32546497	AK293020
6	32605182	32611429	HLA-DQA1
6	32627240	32634466	HLA-DQB1
6	33540322	33548070	BAK1
6	34555065	34664625	C6orf106
6	34724870	34741634	SNRPC
6	34759793	34845291	UHRF1BP1
6	106632351	106773695	ATG5
6	128289923	128841870	PTPRK
6	135605109	135818903	AHI1
6	154475617	154831753	IPCEF1
7	124385654	124406079	GPR37
7	124417345	124430864	LOC154872
7	124462439	124570037	POT1
7	150904922	150924317	ABCF2
7	150909575	150912320	ABCF2
7	150929584	150935905	CHPF2
7	150936058	150945749	SMARCD3
9	21967750	21975132	CDKN2A
9	21967750	21994490	CDKN2A
10	8096666	8117164	GATA3
10	28822420	28912041	WAC
10	90750287	90775542	FAS
11	2317506	2323143	C11orf21
15	40380090	40401085	BMF
15	56657643	56738072	TEX9
15	56720928	56757335	MNS1
16	11038344	11276046	CLEC16A
16	30662240	30667734	PRR14
16	30675777	30682131	FBRS
16	30709024	30709810	LOC730183
16	30710461	30752028	SRCAP
16	30748369	30756517	LOC100862671
16	30759619	30772497	PHKG2
16	30768743	30773565	C16orf93
16	30772932	30787628	RNF40
16	30789769	30798523	ZNF629
16	74481325	74641042	GLG1
16	74655296	74700779	RFWD3
16	74705752	74734789	MLKL
16	85932773	85956211	IRF8
17	16826228	16838153	FLJ00050
17	16842397	16875402	TNFRSF13B
18	60790578	60986613	BCL2
19	1609288	1650286	TCF3
19	16435650	16438339	KLF2
19	47177572	47220384	PRKD2
19	47222767	47249720	STRN4
19	47249302	47261832	FKRP
20	47240792	47444420	PREX1
22	39526778	39548538	CBX7