242887
242892
242929
255344
255326
255406
255379
255569
256690
256342
256376
256237
256216
255913
256290
255927
255919
259029
255951
259613
256849
259712
259944
259949
6135
22720
25116
25794
243194
255931
242810
242822
256716
259627
242853
255328
255359
255939
256704
242890
255872
231385
255303
256236
242823
255932
255404
256456
255925
243201
255879
256469
256735
242787
255865
255315
242831
255924
255311
255503
259718
255926
255305
242851
242838
255918
255952
256544
242891
231377
255916
255917
259036
256889
255321
