330052
430538
440894
492858
508176
1159152
1292627
1342011
1378095
1394406
15265272
284173
293225
308594
413473
721460
1122596
1156445
1231280
1268615
1281630
1283089
1452885
15062797
18862862
25905185
28134678
28885560
285453
1380408
15087981
15407202
18569278
18635659
19289713
26931121
36518150
55007218
55018045
55048744
55051875
55070424
55071844
55098419
274127
342294
883480
1115782
1146590
1263520
1394373
1398206
15056293
15562001
18951191
19300196
22049021
25820225
27904373
28433669
32765234
35842495
36478434
51820715
54672732
54725048
54744701
54764018
54765960
54777247
54781695
54793606
54816027
55188032
55277754
